0 100 0 20
0 100 1 20
0 100 2 20
0 100 3 20
0 100 4 20
0 100 5 20
0 100 6 20
0 100 7 20
0 100 8 20
0 100 9 20
0 100 10 20
0 100 11 20
0 100 12 20
0 100 13 20
0 100 14 20
0 100 15 20
0 100 16 20
0 100 17 20
0 100 18 20
0 100 19 20
0 100 20 20
0 100 21 20
0 100 22 20
0 100 23 20
0 100 24 20
0 100 24 17
0 100 25 17
0 100 26 17
0 100 27 17
0 100 28 17
110 30 0 26
110 30 1 26
110 30 2 26
110 30 3 26
110 30 4 26
110 30 5 26
110 30 6 26
110 30 7 26
110 30 8 26
110 30 9 26
110 30 10 26
110 30 11 26
110 30 12 25
110 30 13 24
110 30 14 24
110 30 15 24
110 30 16 24
110 30 17 22
110 30 18 22
110 30 19 22
110 30 20 22
110 30 21 22
110 30 22 22
110 30 23 22
110 30 24 22
110 30 25 22
110 30 26 22
110 30 27 22
110 30 28 22
80 0 0 27
80 0 1 27
80 0 2 27
80 0 3 27
80 0 4 20
80 0 5 20
80 0 6 20
80 0 7 20
80 0 8 20
80 0 9 13
80 0 10 13
80 0 11 22
80 0 12 22
80 0 13 22
80 0 14 22
80 0 15 22
80 0 16 23
80 0 17 24
80 0 18 24
80 0 19 24
80 0 20 24
80 0 21 24
80 0 22 24
80 0 23 24
80 0 24 14
80 0 25 14
80 0 26 14
80 0 27 14
80 0 27 22
80 0 28 22
80 80 0 18
80 80 1 18
80 80 2 18
80 80 3 18
80 80 4 18
80 80 5 18
80 80 6 18
80 80 7 18
80 80 8 18
80 80 9 9
80 80 10 9
80 80 11 9
80 80 12 19
80 80 13 19
80 80 14 19
80 80 15 19
80 80 16 19
80 80 17 19
80 80 18 19
80 80 19 19
80 80 20 19
80 80 21 19
80 80 22 19
80 80 23 16
80 80 24 15
80 80 25 15
80 80 26 22
80 80 27 20
80 80 28 15
140 100 0 27
140 100 1 27
140 100 2 27
140 100 3 26
140 100 4 27
140 100 5 27
140 100 6 27
140 100 7 26
140 100 8 27
140 100 9 26
140 100 10 27
140 100 11 27
140 100 12 27
140 100 13 26
140 100 14 27
140 100 15 27
140 100 16 27
140 100 17 27
140 100 18 27
140 100 19 26
140 100 20 27
140 100 21 27
140 100 22 27
140 100 23 26
140 100 24 27
140 100 25 27
140 100 26 15
140 100 27 15
140 100 28 15
90 145 0 11
90 145 1 11
90 145 2 11
90 145 6 11
90 145 7 11
90 145 8 11
90 145 9 9
90 145 10 9
90 145 11 9
90 145 12 9
90 145 19 11
90 145 20 11
90 145 21 11
90 145 22 11
90 145 23 12
90 145 27 12
90 145 28 12
25 45 0 11
25 45 1 11
25 45 2 10
25 45 3 10
25 45 4 10
25 45 5 9
25 45 6 9
25 45 7 9
25 45 18 7
25 45 19 7
25 45 20 7
25 45 21 11
25 45 22 15
25 45 23 15
25 45 24 22
25 45 25 22
25 45 26 22
25 45 27 22
25 45 28 21
140 140 0 20
140 140 1 20
140 140 2 20
140 140 3 20
140 140 4 20
140 140 5 20
140 140 6 20
140 140 7 20
140 140 8 20
140 140 9 20
140 140 12 14
140 140 13 14
140 140 14 14
140 140 15 14
140 140 16 14
140 140 17 14
140 140 18 14
140 140 19 14
140 140 20 14
140 140 21 14