10 24 0 0.11555555555555556
10 24 1 0.11555555555555556
10 24 2 0.11555555555555556
10 24 3 0.11555555555555556
10 24 4 0.11166666666666668
10 24 5 0.13333333333333333
10 24 6 0.13333333333333333
10 24 7 0.13333333333333333
10 24 8 0.13333333333333333
10 24 9 0.13333333333333333
10 24 10 0.13333333333333333
10 24 11 0.13333333333333333
10 24 12 0.13333333333333333
10 24 13 0.13333333333333333
10 24 14 0.13333333333333333
10 24 15 0.13333333333333333
10 24 16 0.13333333333333333
10 24 17 0.13333333333333333
10 24 18 0.13333333333333333
10 24 19 0.13333333333333333
10 24 20 0.13333333333333333
10 24 21 0.13333333333333333
10 24 22 0.13333333333333333
10 24 23 0.13333333333333333
10 24 24 0.13333333333333333
10 24 25 0.13333333333333333
10 24 26 0.13333333333333333
10 24 27 0.13333333333333333
10 24 28 0.13333333333333333
10 24 29 0.13333333333333333
5 23 0 0.16999999999999998
5 23 1 0.14222222222222222
5 23 2 0.14222222222222222
5 23 3 0.14222222222222222
5 23 4 0.14222222222222222
5 23 5 0.14222222222222222
5 23 6 0.13333333333333333
5 23 7 0.1925
5 23 8 0.19555555555555557
5 23 9 0.19555555555555557
5 23 10 0.19555555555555557
5 23 11 0.19555555555555557
5 23 12 0.19555555555555557
5 23 13 0.19555555555555557
5 23 14 0.19555555555555557
5 23 15 0.19555555555555557
5 23 16 0.19555555555555557
5 23 17 0.19555555555555557
5 23 18 0.18333333333333335
5 23 27 0.17777777777777776
5 23 28 0.17777777777777776
5 23 29 0.17777777777777776
18 0 0 0.2222222222222222
18 0 1 0.2222222222222222
18 0 2 0.2222222222222222
18 0 3 0.2222222222222222
18 0 4 0.2222222222222222
18 0 5 0.2222222222222222
18 0 6 0.2222222222222222
18 0 7 0.2222222222222222
18 0 8 0.2222222222222222
18 0 9 0.2222222222222222
18 0 10 0.2222222222222222
18 0 11 0.2222222222222222
18 0 12 0.2222222222222222
18 0 13 0.2222222222222222
18 0 14 0.2222222222222222
18 0 15 0.2222222222222222
18 0 16 0.2222222222222222
18 0 17 0.2222222222222222
18 0 18 0.2222222222222222
18 0 19 0.1211111111111111
18 0 20 0.12333333333333334
18 0 21 0.23111111111111113
18 0 22 0.23111111111111113
18 0 23 0.23111111111111113
18 0 24 0.20600000000000002
18 0 25 0.2222222222222222
18 0 26 0.2222222222222222
18 0 27 0.2222222222222222
18 0 28 0.2222222222222222
18 0 29 0.2222222222222222
28 24 0 0.21333333333333332
28 24 1 0.21333333333333332
28 24 2 0.21333333333333332
28 24 3 0.21333333333333332
28 24 4 0.21333333333333332
28 24 5 0.21333333333333332
28 24 6 0.21333333333333332
28 24 7 0.21333333333333332
28 24 8 0.21333333333333332
28 24 9 0.21333333333333332
28 24 10 0.21333333333333332
28 24 11 0.21333333333333332
28 24 12 0.21
28 24 13 0.21666666666666667
28 24 14 0.23111111111111113
28 24 15 0.23111111111111113
28 24 16 0.23111111111111113
28 24 17 0.23111111111111113
28 24 18 0.23111111111111113
28 24 19 0.13
28 24 20 0.23111111111111113
28 24 21 0.23111111111111113
28 24 22 0.23111111111111113
28 24 23 0.23111111111111113
28 24 24 0.23111111111111113
28 24 25 0.20800000000000002
28 24 26 0.23333333333333336
28 24 27 0.2488888888888889
28 24 28 0.2488888888888889
28 24 29 0.16
20 25 0 0.18666666666666665
20 25 1 0.17500000000000002
20 25 2 0.18333333333333335
20 25 3 0.19555555555555557
20 25 4 0.19555555555555557
20 25 5 0.20444444444444446
20 25 6 0.20444444444444446
20 25 7 0.20444444444444446
20 25 8 0.19555555555555557
20 25 9 0.13333333333333333
20 25 10 0.15375
20 25 11 0.18666666666666665
20 25 12 0.16799999999999998
20 25 13 0.15
20 25 14 0.15999999999999998
20 25 15 0.15999999999999998
20 25 16 0.15999999999999998
20 25 17 0.19555555555555557
20 25 18 0.18444444444444447
20 25 19 0.10666666666666666
20 25 20 0.16666666666666666
20 25 21 0.17777777777777776
20 25 22 0.17777777777777776
20 25 23 0.17777777777777776
20 25 24 0.17777777777777776
20 25 25 0.17777777777777776
20 25 26 0.17777777777777776
20 25 27 0.17777777777777776
20 25 28 0.17777777777777776
20 25 29 0.17777777777777776
20 26 0 0.2222222222222222
20 26 1 0.2222222222222222
20 26 2 0.2222222222222222
20 26 3 0.2222222222222222
20 26 4 0.2222222222222222
20 26 5 0.16
20 26 6 0.17777777777777776
20 26 7 0.17777777777777776
20 26 8 0.17777777777777776
20 26 9 0.17777777777777776
20 26 10 0.17777777777777776
20 26 11 0.17777777777777776
20 26 12 0.17777777777777776
20 26 13 0.17777777777777776
20 26 14 0.17777777777777776
20 26 15 0.17777777777777776
20 26 16 0.17777777777777776
20 26 17 0.17777777777777776
20 26 18 0.17777777777777776
20 26 19 0.17777777777777776
20 26 20 0.17777777777777776
20 26 21 0.17777777777777776
20 26 22 0.17777777777777776
20 26 23 0.17777777777777776
20 26 24 0.17777777777777776
20 26 25 0.17777777777777776
20 26 26 0.17777777777777776
20 26 27 0.17777777777777776
20 26 28 0.17777777777777776
20 26 29 0.17777777777777776
21 25 0 0.13333333333333333
21 25 1 0.13333333333333333
21 25 2 0.13333333333333333
21 25 3 0.13333333333333333
21 25 4 0.13333333333333333
21 25 5 0.13333333333333333
21 25 6 0.13333333333333333
21 25 7 0.13333333333333333
21 25 8 0.13333333333333333
21 25 9 0.13333333333333333
21 25 10 0.13333333333333333
21 25 11 0.13333333333333333
21 25 12 0.13333333333333333
21 25 13 0.13333333333333333
21 25 14 0.12
8 6 0 0.23111111111111113
8 6 1 0.23111111111111113
8 6 2 0.23111111111111113
8 6 3 0.23111111111111113
8 6 4 0.23111111111111113
8 6 5 0.23111111111111113
8 6 6 0.23111111111111113
8 6 7 0.23111111111111113
8 6 8 0.23111111111111113
8 6 9 0.23111111111111113
8 6 10 0.23111111111111113
8 6 11 0.23111111111111113
8 6 12 0.23111111111111113
8 6 13 0.23111111111111113
8 6 14 0.23111111111111113
8 6 15 0.23111111111111113
8 6 16 0.23142857142857146
8 6 17 0.2488888888888889
8 6 18 0.2488888888888889
8 6 19 0.2488888888888889
8 6 20 0.2488888888888889
8 6 21 0.2488888888888889
8 6 22 0.2488888888888889
8 6 23 0.2488888888888889
8 6 24 0.2488888888888889
8 6 25 0.2488888888888889
8 6 26 0.2488888888888889
8 6 27 0.22400000000000003
8 6 28 0.17777777777777776
8 6 29 0.17777777777777776
4 15 0 0.18666666666666665
4 15 1 0.18666666666666665
4 15 2 0.18666666666666665
4 15 3 0.17
4 15 4 0.15999999999999998
4 15 5 0.135
4 15 6 0.2025
4 15 7 0.24000000000000002
4 15 8 0.21600000000000003
4 15 10 0.21
4 15 11 0.21333333333333332
4 15 12 0.21333333333333332
4 15 13 0.21333333333333332
4 15 14 0.21333333333333332
4 15 15 0.21333333333333332
4 15 16 0.21333333333333332
4 15 17 0.21333333333333332
4 15 18 0.21333333333333332
4 15 19 0.21333333333333332
4 15 20 0.21333333333333332
4 15 21 0.21333333333333332
4 15 22 0.192
4 15 23 0.13333333333333333
4 15 24 0.128
4 15 25 0.15749999999999997
4 15 26 0.15833333333333333
4 15 27 0.105
4 15 28 0.18666666666666665
4 15 29 0.18666666666666665
11 27 0 0.15111111111111108
11 27 1 0.15111111111111108
11 27 2 0.15111111111111108
11 27 3 0.15111111111111108
11 27 4 0.15111111111111108
11 27 5 0.15111111111111108
11 27 6 0.15111111111111108
11 27 7 0.15111111111111108
11 27 8 0.15111111111111108
11 27 9 0.15111111111111108
11 27 10 0.15111111111111108
11 27 11 0.15111111111111108
11 27 12 0.1275
11 27 20 0.19555555555555557
11 27 21 0.19555555555555557
11 27 22 0.19555555555555557
11 27 23 0.19555555555555557
11 27 24 0.19555555555555557
11 27 25 0.19555555555555557
11 27 26 0.19555555555555557
11 27 27 0.19555555555555557
11 27 28 0.19555555555555557
11 27 29 0.19555555555555557
8 19 0 0.16888888888888887
8 19 1 0.16888888888888887
8 19 2 0.16888888888888887
8 19 3 0.16888888888888887
8 19 5 0.18666666666666665
8 19 6 0.18666666666666665
8 19 7 0.18666666666666665
8 19 8 0.18666666666666665
8 19 9 0.18666666666666665
8 19 10 0.18666666666666665
8 19 11 0.18666666666666665
8 19 12 0.18666666666666665
8 19 13 0.18666666666666665
8 19 14 0.18666666666666665
8 19 15 0.18666666666666665
8 19 16 0.18666666666666665
8 19 17 0.18666666666666665
8 19 18 0.16799999999999998
8 19 19 0.14
8 19 20 0.14222222222222222
8 19 21 0.14222222222222222
8 19 22 0.14222222222222222
8 19 23 0.14222222222222222
8 19 24 0.14222222222222222
8 19 25 0.14222222222222222
8 19 26 0.14222222222222222
8 19 27 0.14222222222222222
8 19 28 0.14222222222222222
8 19 29 0.14222222222222222
12 29 0 0.15999999999999998
12 29 1 0.144
12 29 3 0.19555555555555557
12 29 4 0.19555555555555557
12 29 5 0.19555555555555557
12 29 6 0.19555555555555557
12 29 7 0.19555555555555557
12 29 8 0.19555555555555557
12 29 9 0.19555555555555557
12 29 10 0.19555555555555557
12 29 11 0.19555555555555557
12 29 12 0.19555555555555557
12 29 13 0.19555555555555557
12 29 14 0.176
12 29 23 0.17777777777777776
12 29 24 0.17777777777777776
12 29 25 0.17777777777777776
12 29 26 0.17777777777777776
12 29 27 0.17777777777777776
12 29 28 0.17777777777777776
12 29 29 0.17777777777777776
2 7 0 0.2488888888888889
2 7 1 0.2488888888888889
2 7 2 0.2488888888888889
2 7 3 0.2488888888888889
2 7 4 0.2488888888888889
2 7 5 0.2488888888888889
2 7 6 0.2488888888888889
2 7 7 0.2488888888888889
2 7 8 0.2488888888888889
2 7 9 0.2488888888888889
2 7 10 0.2488888888888889
2 7 11 0.2488888888888889
2 7 12 0.2488888888888889
2 7 13 0.2488888888888889
2 7 14 0.23
2 7 15 0.20833333333333334
2 7 18 0.16888888888888887
2 7 19 0.16888888888888887
2 7 20 0.16888888888888887
2 7 21 0.16888888888888887
2 7 22 0.16888888888888887
2 7 23 0.16888888888888887
2 7 24 0.16888888888888887
2 7 25 0.16888888888888887
2 7 26 0.16888888888888887
2 7 27 0.16888888888888887
2 7 28 0.16888888888888887
2 7 29 0.16888888888888887
0 5 0 0.21600000000000003
0 5 1 0.24000000000000002
0 5 2 0.24000000000000002
0 5 3 0.24000000000000002
0 5 4 0.24000000000000002
0 5 5 0.24000000000000002
0 5 6 0.24000000000000002
0 5 7 0.24000000000000002
0 5 8 0.24000000000000002
0 5 9 0.24000000000000002
0 5 10 0.24000000000000002
0 5 11 0.24000000000000002
0 5 12 0.24000000000000002
0 5 13 0.24000000000000002
0 5 14 0.24000000000000002
0 5 15 0.24000000000000002
0 5 16 0.24000000000000002
0 5 17 0.24000000000000002
0 5 18 0.24000000000000002
0 5 19 0.23625000000000002
0 5 21 0.17166666666666666
0 5 22 0.23111111111111113
0 5 23 0.23111111111111113
0 5 24 0.23111111111111113
0 5 25 0.23111111111111113
0 5 26 0.23111111111111113
0 5 27 0.23111111111111113
0 5 28 0.23111111111111113
0 5 29 0.23111111111111113
2 2 0 0.20444444444444446
2 2 1 0.1922222222222222
2 2 2 0.10666666666666666
2 2 3 0.17666666666666664
2 2 4 0.18666666666666665
2 2 5 0.18666666666666665
2 2 6 0.18666666666666665
2 2 7 0.18666666666666665
2 2 8 0.18666666666666665
2 2 9 0.18666666666666665
2 2 10 0.18666666666666665
2 2 11 0.18666666666666665
2 2 12 0.18666666666666665
2 2 13 0.18666666666666665
2 2 14 0.18666666666666665
2 2 15 0.18666666666666665
2 2 16 0.18666666666666665
2 2 17 0.18666666666666665
2 2 18 0.18666666666666665
2 2 19 0.18666666666666665
2 2 21 0.17777777777777776
2 2 22 0.10400000000000001
2 2 23 0.11375
2 2 25 0.15000000000000002
2 2 26 0.17777777777777776
2 2 27 0.17777777777777776
2 2 28 0.17777777777777776
2 2 29 0.17777777777777776
15 12 0 0.2222222222222222
15 12 1 0.21875
15 12 2 0.21666666666666667
15 12 3 0.23111111111111113
15 12 4 0.23111111111111113
15 12 5 0.23111111111111113
15 12 6 0.23111111111111113
15 12 7 0.23111111111111113
15 12 8 0.22714285714285715
15 12 9 0.24000000000000002
15 12 10 0.24000000000000002
15 12 11 0.24000000000000002
15 12 12 0.24000000000000002
15 12 13 0.24000000000000002
15 12 14 0.24000000000000002
15 12 15 0.24000000000000002
15 12 16 0.24000000000000002
15 12 17 0.24000000000000002
15 12 18 0.24000000000000002
15 12 19 0.24000000000000002
15 12 20 0.24000000000000002
15 12 21 0.24000000000000002
15 12 22 0.24000000000000002
15 12 23 0.24000000000000002
15 12 24 0.24000000000000002
15 12 25 0.24000000000000002
15 12 26 0.24000000000000002
15 12 27 0.24000000000000002
15 12 28 0.23625000000000002
15 12 29 0.2222222222222222
14 12 0 0.23111111111111113
14 12 1 0.20800000000000002
14 12 2 0.23111111111111113
14 12 3 0.23111111111111113
14 12 4 0.23111111111111113
14 12 5 0.23111111111111113
14 12 6 0.23111111111111113
14 12 7 0.23111111111111113
14 12 8 0.23111111111111113
14 12 9 0.23111111111111113
14 12 10 0.23111111111111113
14 12 11 0.23111111111111113
14 12 12 0.23111111111111113
14 12 13 0.23111111111111113
14 12 14 0.23111111111111113
14 12 15 0.23111111111111113
14 12 16 0.23111111111111113
14 12 17 0.23111111111111113
14 12 18 0.23111111111111113
14 12 19 0.23111111111111113
14 12 20 0.23111111111111113
14 12 21 0.23111111111111113
14 12 22 0.23111111111111113
14 12 23 0.195
14 12 24 0.25375
14 12 25 0.15833333333333333
14 12 26 0.16888888888888887
14 12 27 0.16624999999999998
14 12 28 0.20800000000000002
14 12 29 0.23111111111111113
21 7 0 0.24000000000000002
21 7 1 0.24000000000000002
21 7 2 0.24000000000000002
21 7 3 0.24000000000000002
21 7 4 0.24000000000000002
21 7 5 0.24000000000000002
21 7 6 0.24000000000000002
21 7 7 0.24000000000000002
21 7 8 0.21833333333333335
21 7 9 0.2222222222222222
21 7 10 0.2222222222222222
21 7 11 0.2222222222222222
21 7 12 0.2222222222222222
21 7 13 0.2222222222222222
21 7 14 0.2222222222222222
21 7 15 0.2222222222222222
21 7 16 0.2222222222222222
21 7 17 0.2222222222222222
21 7 18 0.2222222222222222
21 7 19 0.2222222222222222
21 7 20 0.2222222222222222
21 7 21 0.2222222222222222
21 7 22 0.2222222222222222
21 7 23 0.2222222222222222
21 7 24 0.2222222222222222
21 7 25 0.2222222222222222
21 7 26 0.2222222222222222
21 7 27 0.2222222222222222
21 7 28 0.2222222222222222
21 7 29 0.2222222222222222
25 14 0 0.17777777777777776
25 14 1 0.17777777777777776
25 14 2 0.16666666666666666
25 14 3 0.12000000000000001
25 14 4 0.12444444444444445
25 14 5 0.128
25 14 6 0.14222222222222222
25 14 7 0.14222222222222222
25 14 8 0.14222222222222222
25 14 9 0.14222222222222222
25 14 10 0.14222222222222222
25 14 11 0.14222222222222222
25 14 12 0.14222222222222222
25 14 13 0.20444444444444446
25 14 14 0.21333333333333332
25 14 15 0.21333333333333332
25 14 16 0.21333333333333332
25 14 17 0.21333333333333332
25 14 18 0.17444444444444443
25 14 19 0.16888888888888887
25 14 20 0.16888888888888887
25 14 21 0.16888888888888887
25 14 22 0.16888888888888887
25 14 23 0.16888888888888887
25 14 24 0.16888888888888887
25 14 25 0.16888888888888887
25 14 26 0.16888888888888887
25 14 27 0.16888888888888887
25 14 28 0.16888888888888887
25 14 29 0.16888888888888887
27 2 7 0.105
27 2 8 0.18666666666666665
27 2 9 0.18666666666666665
27 2 10 0.18666666666666665
27 2 11 0.18666666666666665
27 2 12 0.18666666666666665
27 2 13 0.18666666666666665
27 2 14 0.18666666666666665
27 2 15 0.18666666666666665
27 2 16 0.11200000000000002
27 2 18 0.21333333333333332
27 2 19 0.21333333333333332
27 2 20 0.21333333333333332
27 2 21 0.21333333333333332
27 2 22 0.21333333333333332
27 2 23 0.21333333333333332
27 2 24 0.21333333333333332
27 2 25 0.21333333333333332
27 2 26 0.21333333333333332
27 2 27 0.21333333333333332
27 2 28 0.21333333333333332
27 2 29 0.21333333333333332
16 21 0 0.24000000000000002
16 21 1 0.23625000000000002
16 21 2 0.24500000000000002
16 21 3 0.2488888888888889
16 21 4 0.2488888888888889
16 21 5 0.2488888888888889
16 21 6 0.22400000000000003
16 21 7 0.24000000000000002
16 21 8 0.24000000000000002
16 21 9 0.24000000000000002
16 21 10 0.24000000000000002
16 21 11 0.24000000000000002
16 21 12 0.24000000000000002
16 21 13 0.24000000000000002
16 21 14 0.24000000000000002
16 21 15 0.24000000000000002
16 21 16 0.24000000000000002
16 21 17 0.24000000000000002
16 21 18 0.24000000000000002
16 21 19 0.24000000000000002
16 21 20 0.176
16 21 21 0.19555555555555557
16 21 22 0.19555555555555557
16 21 23 0.19555555555555557
16 21 24 0.19555555555555557
16 21 25 0.19555555555555557
16 21 26 0.19555555555555557
16 21 27 0.19555555555555557
16 21 28 0.19555555555555557
16 21 29 0.19555555555555557