0 20 0 0.15
0 20 1 0.15
0 20 2 0.15
0 20 3 0.15
0 20 4 0.15
0 20 5 0.15
0 20 6 0.15
0 20 7 0.15
0 20 8 0.15
0 20 9 0.15
0 20 10 0.15
0 20 11 0.15
0 20 12 0.15
0 20 13 0.15
0 20 14 0.15
0 20 15 0.15
0 20 16 0.15
0 20 17 0.15
0 20 18 0.15
0 20 19 0.15
0 20 20 0.15
0 20 21 0.15
0 20 22 0.15
0 20 23 0.15
0 20 24 0.15
0 20 24 0.1275
0 20 25 0.1275
0 20 26 0.1275
0 20 27 0.1275
0 20 28 0.1275
22 6 0 0.195
22 6 1 0.195
22 6 2 0.195
22 6 3 0.195
22 6 4 0.195
22 6 5 0.195
22 6 6 0.195
22 6 7 0.195
22 6 8 0.195
22 6 9 0.195
22 6 10 0.195
22 6 11 0.195
22 6 12 0.1875
22 6 13 0.18
22 6 14 0.18
22 6 15 0.18
22 6 16 0.18
22 6 17 0.165
22 6 18 0.165
22 6 19 0.165
22 6 20 0.165
22 6 21 0.165
22 6 22 0.165
22 6 23 0.165
22 6 24 0.165
22 6 25 0.165
22 6 26 0.165
22 6 27 0.165
22 6 28 0.165
16 0 0 0.2025
16 0 1 0.2025
16 0 2 0.2025
16 0 3 0.2025
16 0 4 0.15
16 0 5 0.15
16 0 6 0.15
16 0 7 0.15
16 0 8 0.15
16 0 9 0.0975
16 0 10 0.0975
16 0 11 0.165
16 0 12 0.165
16 0 13 0.165
16 0 14 0.165
16 0 15 0.165
16 0 16 0.1725
16 0 17 0.18
16 0 18 0.18
16 0 19 0.18
16 0 20 0.18
16 0 21 0.18
16 0 22 0.18
16 0 23 0.18
16 0 24 0.105
16 0 25 0.105
16 0 26 0.105
16 0 27 0.105
16 0 27 0.165
16 0 28 0.165
16 16 0 0.135
16 16 1 0.135
16 16 2 0.135
16 16 3 0.135
16 16 4 0.135
16 16 5 0.135
16 16 6 0.135
16 16 7 0.135
16 16 8 0.135
16 16 9 0.0675
16 16 10 0.0675
16 16 11 0.0675
16 16 12 0.1425
16 16 13 0.1425
16 16 14 0.1425
16 16 15 0.1425
16 16 16 0.1425
16 16 17 0.1425
16 16 18 0.1425
16 16 19 0.1425
16 16 20 0.1425
16 16 21 0.1425
16 16 22 0.1425
16 16 23 0.12
16 16 24 0.1125
16 16 25 0.1125
16 16 26 0.165
16 16 27 0.15
16 16 28 0.1125
28 20 0 0.2025
28 20 1 0.2025
28 20 2 0.2025
28 20 3 0.195
28 20 4 0.2025
28 20 5 0.2025
28 20 6 0.2025
28 20 7 0.195
28 20 8 0.2025
28 20 9 0.195
28 20 10 0.2025
28 20 11 0.2025
28 20 12 0.2025
28 20 13 0.195
28 20 14 0.2025
28 20 15 0.2025
28 20 16 0.2025
28 20 17 0.2025
28 20 18 0.2025
28 20 19 0.195
28 20 20 0.2025
28 20 21 0.2025
28 20 22 0.2025
28 20 23 0.195
28 20 24 0.2025
28 20 25 0.2025
28 20 26 0.1125
28 20 27 0.1125
28 20 28 0.1125
18 29 0 0.0825
18 29 1 0.0825
18 29 2 0.0825
18 29 6 0.0825
18 29 7 0.0825
18 29 8 0.0825
18 29 9 0.0675
18 29 10 0.0675
18 29 11 0.0675
18 29 12 0.0675
18 29 19 0.0825
18 29 20 0.0825
18 29 21 0.0825
18 29 22 0.0825
18 29 23 0.09
18 29 27 0.09
18 29 28 0.09
5 9 0 0.0825
5 9 1 0.0825
5 9 2 0.075
5 9 3 0.075
5 9 4 0.075
5 9 5 0.0675
5 9 6 0.0675
5 9 7 0.0675
5 9 18 0.0525
5 9 19 0.0525
5 9 20 0.0525
5 9 21 0.0825
5 9 22 0.1125
5 9 23 0.1125
5 9 24 0.165
5 9 25 0.165
5 9 26 0.165
5 9 27 0.165
5 9 28 0.1575
28 28 0 0.15
28 28 1 0.15
28 28 2 0.15
28 28 3 0.15
28 28 4 0.15
28 28 5 0.15
28 28 6 0.15
28 28 7 0.15
28 28 8 0.15
28 28 9 0.15
28 28 12 0.105
28 28 13 0.105
28 28 14 0.105
28 28 15 0.105
28 28 16 0.105
28 28 17 0.105
28 28 18 0.105
28 28 19 0.105
28 28 20 0.105
28 28 21 0.105