1627.2816 1365.6158 -1720.5684 0.0232 1.0000
1561.5754 1241.6771 -1731.8394 0.1409 2.0000
1478.6417 1200.8943 -1713.4697 0.1651 2.0000
1458.9380 1321.2288 -1669.2336 0.1025 2.0000
1453.5045 1258.0431 -1680.9718 0.1913 2.0000
1450.0803 1149.6522 -1718.5558 0.1637 2.0000
1448.6188 1078.5649 -1736.6937 0.2045 2.0000
1439.7556 1160.8405 -1711.2087 0.1700 2.0000
1428.5529 1172.9115 -1701.4229 0.2195 2.0000
1412.8289 960.1345 -1723.2646 0.0635 2.0000
1407.2892 1275.4393 -1655.9480 0.0497 2.0000
1399.0658 1386.8857 -1655.3394 0.1150 0.0000
1379.4933 1205.3636 -1656.5056 0.1541 2.0000
1353.7728 1269.3031 -1646.1022 0.1627 2.0000
1353.4310 1131.4324 -1670.7961 0.1012 2.0000
1343.4196 1091.8746 -1670.0442 0.2043 2.0000
1322.2137 1013.2741 -1667.8678 0.1808 2.0000
1319.7552 1174.8560 -1660.4150 0.1848 2.0000
1298.5636 894.9070 -1671.9305 0.1376 2.0000
1297.9381 1176.8303 -1655.8789 0.1960 2.0000
1297.1947 1294.7360 -1634.9760 0.1926 2.0000
1293.8286 1211.1400 -1643.3125 0.1995 2.0000
1290.3025 1047.5302 -1651.3719 0.1045 2.0000
1287.3035 1120.6469 -1642.5779 0.1800 2.0000
1283.0586 792.1368 -1725.4026 0.1555 2.0000
1278.7482 1079.5013 -1645.7445 0.1828 2.0000
1258.4272 940.8165 -1641.5236 0.0885 2.0000
1236.8503 1033.6704 -1633.4493 0.2300 2.0000
1235.8385 1248.9088 -1626.4102 0.2398 2.0000
1230.2565 1158.7219 -1623.7439 0.2427 2.0000
1224.2028 1076.4808 -1627.3311 0.1856 2.0000
1205.1320 757.4147 -1692.8440 0.2245 2.0000
1199.6289 931.0333 -1640.1489 0.1773 2.0000
1194.5182 1056.1086 -1630.2953 0.2500 2.0000
1192.2642 846.6179 -1653.7928 0.2157 2.0000
1190.0822 920.5205 -1641.7208 0.2446 2.0000
1185.2493 1211.6191 -1621.8363 0.1975 2.0000
1179.8416 1111.0175 -1619.5122 0.1658 2.0000
1177.5675 644.7785 -1691.6519 0.0968 2.0000
1168.3269 1122.6715 -1616.2090 0.1920 2.0000
1149.7473 1072.9406 -1614.5933 0.1526 2.0000
1144.8383 997.4126 -1627.3213 0.1736 2.0000
1133.8766 1148.4249 -1603.6194 0.0995 2.0000
1132.1947 1021.0108 -1618.9866 0.2000 2.0000
1118.5291 894.8365 -1630.8804 0.2157 2.0000
1118.0865 1075.2238 -1611.3246 0.1902 2.0000
1107.6632 1047.9694 -1602.0399 0.0010 2.0000
1095.7319 919.2849 -1621.4902 0.1875 2.0000
1093.8346 562.5768 -1687.0719 0.2594 2.0000
1084.5656 669.2904 -1650.2421 0.1982 2.0000
1082.5490 753.0121 -1634.8217 0.2162 2.0000
1075.3030 648.2690 -1654.2906 0.2633 2.0000
1048.0085 445.1271 -1694.8165 0.1524 2.0000
1042.4645 1113.4705 -1594.7845 0.0308 0.0000
1036.4186 852.0676 -1614.5490 0.2419 2.0000
1036.2725 598.9117 -1652.8296 0.1879 2.0000
1021.8337 421.9086 -1695.4955 0.1900 2.0000
1014.2005 430.4265 -1694.4701 0.1829 2.0000
1013.2664 696.1528 -1626.5363 0.2177 2.0000
1010.5657 758.9405 -1620.9344 0.2500 2.0000
997.5702 1180.6832 -1576.1733 0.0010 0.0000
995.5343 552.9498 -1642.2589 0.2036 2.0000
991.2654 371.7249 -1696.5856 0.2149 2.0000
985.8280 542.6454 -1643.2249 0.1933 2.0000
984.4209 664.9668 -1631.8010 0.2872 2.0000
979.3680 932.2752 -1594.9094 0.1627 2.0000
976.1335 521.8592 -1646.1478 0.2181 2.0000
966.2818 511.8913 -1645.9938 0.2183 2.0000
965.2232 615.2485 -1632.1689 0.1600 2.0000
950.8237 892.1741 -1595.3087 0.2565 2.0000
935.0432 596.5119 -1630.0804 0.2006 2.0000
927.5464 937.2138 -1584.4697 0.1825 2.0000
925.9073 778.8017 -1600.5132 0.1529 2.0000
918.0011 736.5906 -1606.1406 0.2500 2.0000
901.1375 663.2082 -1614.7467 0.1416 2.0000
898.1402 437.0656 -1659.8619 0.2345 2.0000
893.8000 315.3647 -1674.3813 0.2500 2.0000
884.8174 558.0209 -1628.3645 0.1917 2.0000
883.6475 305.8854 -1672.2489 0.2275 2.0000
877.5247 929.2493 -1580.9497 0.1377 2.0000
876.9706 720.2845 -1599.1960 0.2198 2.0000
875.2494 325.6660 -1669.4803 0.2367 2.0000
870.3654 1096.5081 -1561.8628 0.0010 0.0000
867.3754 228.4322 -1672.7563 0.2054 2.0000
862.0996 806.8675 -1585.2220 0.1844 2.0000
858.5968 890.0576 -1578.3766 0.2430 2.0000
847.6417 672.0288 -1595.8553 0.2022 2.0000
846.6206 702.3191 -1595.7303 0.2689 2.0000
837.3555 663.5216 -1592.7904 0.2105 2.0000
835.3524 476.3976 -1634.8116 0.2674 2.0000
829.6541 609.8295 -1602.2219 0.1922 2.0000
803.0862 1037.2762 -1560.2303 0.0010 0.0000
801.5925 781.4503 -1576.2050 0.2587 2.0000
799.0787 1148.2498 -1558.2368 0.0010 0.0000
797.8390 623.5294 -1594.8612 0.2483 2.0000
797.3773 923.8273 -1570.7430 0.1688 0.0000
794.0239 312.1469 -1649.9637 0.2283 2.0000
792.2798 1058.2487 -1557.6573 0.0010 0.0000
787.3626 915.1566 -1567.6589 0.1777 0.0000
784.3066 354.4867 -1643.9291 0.2353 2.0000
772.0813 195.9237 -1664.6102 0.1534 2.0000
771.8423 173.6287 -1669.7416 0.1837 2.0000
771.8395 744.2264 -1570.5861 0.2042 2.0000
769.8850 539.9592 -1606.4220 0.2472 2.0000
767.6191 896.8895 -1563.5520 0.1505 0.0000
764.0150 376.0271 -1639.9136 0.1878 2.0000
759.1046 532.5930 -1600.9724 0.2667 2.0000
751.3104 405.4380 -1617.5682 0.2174 2.0000
742.6070 686.3975 -1566.7751 0.2100 2.0000
721.5806 382.4598 -1627.2513 0.2000 2.0000
719.6793 771.4801 -1554.1479 0.1402 2.0000
714.7410 603.3089 -1577.4532 0.2107 2.0000
708.3550 463.9161 -1601.2188 0.2603 2.0000
701.8102 243.6667 -1649.8337 0.2018 2.0000
701.0492 267.5161 -1641.0861 0.1668 2.0000
700.3141 127.4912 -1661.0450 0.1400 2.0000
682.4919 649.1871 -1564.3726 0.2148 2.0000
682.0497 669.8464 -1562.2809 0.2287 2.0000
666.0299 470.1088 -1589.8834 0.2202 2.0000
656.4900 427.7030 -1596.7386 0.1895 2.0000
656.0813 449.3835 -1592.5199 0.2015 2.0000
640.1681 735.5459 -1548.4069 0.1981 2.0000
618.4772 809.2004 -1537.2419 0.1627 0.0000
610.6530 638.2442 -1546.8700 0.1348 2.0000
603.0335 469.2199 -1574.5316 0.1454 2.0000
602.5100 541.6491 -1566.5310 0.1846 2.0000
589.4834 750.2451 -1538.1816 0.0010 2.0000
581.5272 575.7204 -1556.5973 0.1264 2.0000
579.4970 693.0058 -1534.0201 0.1392 2.0000
559.6329 653.9810 -1534.7451 0.1707 2.0000
540.9842 435.8970 -1565.1698 0.1393 2.0000
519.4287 616.7611 -1531.6564 0.1300 2.0000
518.9689 638.8212 -1525.6968 0.2116 2.0000
