0 120 0 12
0 120 1 12
0 120 5 8
0 120 6 20
0 120 7 12
0 120 8 12
0 120 10 9
0 120 11 9
0 120 13 9
0 120 14 9
0 120 15 9
0 120 16 9
0 120 17 16
0 120 18 16
0 120 20 16
0 120 21 16
0 120 21 24
0 120 23 24
0 120 24 15
0 120 25 15
0 120 27 15
0 120 28 15
0 120 29 15
10 20 0 24
10 20 1 24
10 20 3 24
10 20 5 24
10 20 6 21
10 20 7 21
10 20 8 11
10 20 9 21
10 20 11 21
10 20 12 21
10 20 13 21
10 20 14 21
10 20 15 21
10 20 17 21
10 20 18 21
10 20 19 21
10 20 20 21
10 20 21 16
10 20 22 16
10 20 23 16
10 20 25 16
10 20 26 16
10 20 27 16
10 20 28 16
10 20 29 22
70 55 0 19
70 55 1 16
70 55 2 16
70 55 3 16
70 55 4 16
70 55 5 16
70 55 6 16
70 55 7 16
70 55 8 16
70 55 10 16
70 55 11 16
70 55 12 16
70 55 13 16
70 55 14 16
70 55 15 16
70 55 16 16
70 55 17 16
70 55 18 16
70 55 19 16
70 55 20 16
70 55 21 16
70 55 22 16
70 55 23 16
70 55 24 16
70 55 25 16
70 55 26 16
70 55 27 16
70 55 28 16
70 55 29 16
85 145 0 13
85 145 1 18
85 145 2 18
85 145 3 18
85 145 5 18
85 145 6 18
85 145 7 18
85 145 8 18
85 145 9 18
85 145 10 18
85 145 11 18
85 145 14 24
85 145 15 24
85 145 16 24
85 145 18 24
85 145 19 24
85 145 20 24
85 145 21 21
85 145 23 21
85 145 24 18
85 145 25 18
85 145 27 18
85 145 28 18
85 145 29 18
90 0 3 13
90 0 4 13
90 0 6 13
90 0 7 13
90 0 8 21
90 0 9 21
90 0 10 21
90 0 11 21
90 0 12 21
90 0 14 21
90 0 15 21
90 0 16 21
90 0 17 21
90 0 18 21
90 0 19 21
90 0 20 21
90 0 21 21
90 0 23 21
90 0 24 21
90 0 25 21
90 0 26 21
90 0 27 21
90 0 28 21
90 0 29 21
90 120 0 23
90 120 1 23
90 120 2 23
90 120 3 23
90 120 4 23
90 120 6 23
90 120 7 23
90 120 8 23
90 120 9 23
90 120 10 23
90 120 11 12
90 120 12 25
90 120 13 25
90 120 15 25
90 120 16 25
90 120 17 23
90 120 18 23
90 120 20 23
90 120 21 18
90 120 22 18
90 120 22 16
90 120 24 16
90 120 25 16
90 120 25 22
90 120 26 22
90 120 28 22
90 120 29 22
105 0 0 23
105 0 1 23
105 0 2 23
105 0 3 23
105 0 4 23
105 0 6 23
105 0 7 23
105 0 8 23
105 0 9 23
105 0 10 18
105 0 11 18
105 0 17 9
105 0 19 9
105 0 20 22
105 0 21 22
105 0 22 22
105 0 23 22
105 0 25 22
105 0 26 22
105 0 27 22
105 0 28 22
105 0 29 22
140 80 0 23
140 80 1 23
140 80 2 23
140 80 3 23
140 80 4 23
140 80 5 23
140 80 6 23
140 80 7 23
140 80 8 23
140 80 9 23
140 80 10 23
140 80 12 23
140 80 13 23
140 80 14 23
140 80 15 23
140 80 16 23
140 80 17 23
140 80 18 23
140 80 19 23
140 80 20 23
140 80 21 23
140 80 22 23
140 80 23 23
140 80 24 23
140 80 25 23
140 80 26 23
140 80 27 23
140 80 28 23
140 80 29 23
145 130 0 15
145 130 1 15
145 130 2 15
145 130 3 15
145 130 4 15
145 130 5 15
145 130 6 15
145 130 7 15
145 130 8 15
145 130 9 15
145 130 10 15
145 130 11 15
145 130 13 15
145 130 14 15
145 130 15 15
145 130 16 15
145 130 17 15
145 130 18 15
145 130 19 15
145 130 20 15
145 130 21 15
145 130 22 15
145 130 23 15
145 130 24 15
145 130 25 15
145 130 26 15
145 130 27 16
145 130 29 16